id:client8_0,8.757808685302734,-16.014433334202444,inf,inf
id:client8_0,8.757808685302734,-16.014433334202444,inf,inf
id:client8_0,8.757808685302734,-16.014433334202447,inf,inf
id:client8_1,7.204988479614258,-13.180210133198727,inf,inf
id:client8_1,7.204988479614258,-13.180210133198727,inf,inf
id:client8_1,7.204988479614258,-13.180210133198727,inf,inf
id:client8_1,7.204988479614258,-13.180210133198727,inf,inf
id:client8_1,7.204988479614258,-13.180210133198727,inf,inf
id:client8_1,7.204988479614258,-13.180210133198727,inf,inf
id:client8_1,7.204988479614258,-13.180210133198727,inf,inf
id:client8_1,7.204988479614258,-13.180210133198727,inf,inf
id:client8_2,6.7994384765625,12.668625000073122,inf,inf
id:client8_2,6.7994384765625,12.668625000073122,inf,inf
id:client8_2,6.7994384765625,12.668625000073122,inf,inf
id:client8_2,6.7994384765625,12.668625000073122,inf,inf
id:client8_2,6.7994384765625,12.668625000073124,inf,inf
id:client8_2,6.7994384765625,12.668625000073122,inf,inf
id:client8_2,6.7994384765625,12.668625000073122,inf,inf
id:client8_2,6.7994384765625,12.668625000073122,inf,inf
id:client8_3,6.4160614013671875,-2.222223320183969,inf,inf
id:client8_3,6.4160614013671875,-2.222223320183969,inf,inf
id:client8_3,6.4160614013671875,-2.222223320183969,inf,inf
id:client8_4,6.073453903198242,-9.925961293977828,inf,inf
id:client8_4,6.073453903198242,-9.925961293977828,inf,inf
id:client8_4,6.073453903198242,-9.925961293977828,inf,inf
id:client8_5,5.979040145874023,-5.077299952543786,inf,inf
id:client8_5,5.979040145874023,-5.077299952543786,inf,inf
id:client8_5,5.979040145874023,-5.077299952543786,inf,inf
id:client8_6,5.886056900024414,-9.566770992560501,inf,inf
id:client8_6,5.886056900024414,-9.566770992560501,inf,inf
id:client8_6,5.886056900024414,-9.566770992560501,inf,inf
id:client8_7,7.009723663330078,-15.176369767053833,inf,inf
id:client8_7,7.009723663330078,-15.176369767053833,inf,inf
id:client8_7,7.009723663330078,-15.176369767053833,inf,inf
id:client8_7,7.009723663330078,-15.176369767053833,inf,inf
id:client8_7,7.009723663330078,-15.176369767053831,inf,inf
id:client8_7,7.009723663330078,-15.176369767053833,inf,inf
id:client8_7,7.009723663330078,-15.176369767053833,inf,inf
id:client8_7,7.009723663330078,-15.176369767053833,inf,inf
id:client8_8,6.119230270385742,-6.067381931981661,4516.273582832783,4516.273582832783
id:client8_8,6.119230270385742,-8.063541505020765,4516.273582832783,4516.273582832783
id:client8_8,6.119230270385742,-33.912376577272475,4516.273582832783,4516.273582832783
id:client8_9,6.084897994995117,4.203085104019549,4516.273582832783,4516.273582832783
id:client8_9,6.084897994995117,2.206925484540255,4516.273582832783,4516.273582832783
id:client8_9,6.084897994995117,-21.641909666821253,4516.273582832783,4516.273582832783
id:client8_10,6.287315368652344,1.228127159431297,4516.273582832783,4516.273582832783
id:client8_10,6.287315368652344,1.8540646074955818e-08,4516.273582832783,4516.273582832783
id:client8_10,6.287315368652344,-24.616867643792272,4516.273582832783,4516.273582832783
id:client8_11,5.922534942626953,1.9259221959316104,4516.273582832783,4516.273582832783
id:client8_11,5.922534942626953,5.478620174278635e-07,4516.273582832783,4516.273582832783
id:client8_11,5.922534942626953,-23.919072571440005,4516.273582832783,4516.273582832783
id:client8_12,7.029750823974609,7.058161467275537,4516.273582832783,4516.273582832783
id:client8_12,7.029750823974609,5.062001833472984,4516.273582832783,4516.273582832783
id:client8_12,7.029750823974609,-18.78683329989458,4516.273582832783,4516.273582832783
id:client8_13,6.371715545654297,8.849360991166927e-08,4516.273582832783,4516.273582832783
id:client8_13,6.371715545654297,-12.045625806280482,4516.273582832783,4516.273582832783
id:client8_13,6.371715545654297,-4.341887832496939,4516.273582832783,4516.273582832783
id:client8_13,6.371715545654297,-9.190549173922472,4516.273582832783,4516.273582832783
id:client8_13,6.371715545654297,-4.701078133913034,4516.273582832783,4516.273582832783
id:client8_13,6.371715545654297,-1.329625301157683e-11,4516.273582832783,4516.273582832783
id:client8_13,6.371715545654297,-1.0876389933855142,4516.273582832783,4516.273582832783
id:client8_13,6.371715545654297,-26.936474126534364,4516.273582832783,4516.273582832783
id:client8_14,7.844427108764648,21.121227860015512,4516.273582832783,4516.273582832783
id:client8_14,7.844427108764648,7.32901784610349,4516.273582832783,4516.273582832783
id:client8_14,7.844427108764648,15.032755819800483,4516.273582832783,4516.273582832783
id:client8_14,7.844427108764648,10.184094478390938,4516.273582832783,4516.273582832783
id:client8_14,7.844427108764648,14.673565518384141,4516.273582832783,4516.273582832783
id:client8_14,7.844427108764648,20.283164292867706,4516.273582832783,4516.273582832783
id:client8_14,7.844427108764648,18.287004659015036,4516.273582832783,4516.273582832783
id:client8_14,7.844427108764648,-5.561830474571751,4516.273582832783,4516.273582832783
id:client8_15,6.499746322631836,-3.2756350787921953,4516.273582832783,4516.273582832783
id:client8_15,6.499746322631836,-17.067844594494666,4516.273582832783,4516.273582832783
id:client8_15,6.499746322631836,-9.364106640916125,4516.273582832783,4516.273582832783
id:client8_15,6.499746322631836,-14.2127679673685,4516.273582832783,4516.273582832783
id:client8_15,6.499746322631836,-9.723296940855734,4516.273582832783,4516.273582832783
id:client8_15,6.499746322631836,-4.113698280904407,4516.273582832783,4516.273582832783
id:client8_15,6.499746322631836,-6.109857822277727,4516.273582832783,4516.273582832783
id:client8_15,6.499746322631836,-31.958692902136946,4516.273582832783,4516.273582832783
id:client8_16,8.963802337646484,2.500656500092793e-07,4918.1291527791445,2083.6366577595027
id:client8_16,8.963802337646484,-18.301513169962266,4918.1291527791445,2083.6366577595027
id:client8_16,8.963802337646484,-8.619609875233099,4918.1291527791445,2083.6366577595027
id:client8_16,8.963802337646484,-14.018898490529617,4918.1291527791445,2083.6366577595027
id:client8_16,8.963802337646484,-9.497000062439968,4918.1291527791445,2083.6366577595027
id:client8_16,8.963802337646484,-0.6525802000588824,4918.1291527791445,2083.6366577595027
id:client8_16,8.963802337646484,-5.7643582961894815,4918.1291527791445,2083.6366577595027
id:client8_16,8.963802337646484,-38.97194015567739,4918.1291527791445,2083.6366577595027
id:client8_17,6.231525421142578,12.238725101149921,4918.1291527791445,2083.6366577595027
id:client8_17,6.231525421142578,6.218426496053193,4918.1291527791445,2083.6366577595027
id:client8_17,6.231525421142578,-24.080634723041825,4918.1291527791445,2083.6366577595027
id:client8_18,8.244970321655273,-1.8167415752254032,4918.1291527791445,2083.6366577595027
id:client8_18,8.244970321655273,-6.090456544686627,4918.1291527791445,2083.6366577595027
id:client8_18,8.244970321655273,-40.13610188124365,4918.1291527791445,2083.6366577595027
id:client8_19,7.342317581176758,27.265545849109944,4918.1291527791445,2083.6366577595027
id:client8_19,7.342317581176758,5.243897567904646,4918.1291527791445,2083.6366577595027
id:client8_19,7.342317581176758,14.925800895697918,4918.1291527791445,2083.6366577595027
id:client8_19,7.342317581176758,9.52651224845354,4918.1291527791445,2083.6366577595027
id:client8_19,7.342317581176758,14.04841067267136,4918.1291527791445,2083.6366577595027
id:client8_19,7.342317581176758,24.892830390416833,4918.1291527791445,2083.6366577595027
id:client8_19,7.342317581176758,18.872531797954963,4918.1291527791445,2083.6366577595027
id:client8_19,7.342317581176758,-13.426529421212088,4918.1291527791445,2083.6366577595027
id:client8_20,7.3430328369140625,6.162517484865109,4918.1291527791445,2083.6366577595027
id:client8_20,7.3430328369140625,-11.859130860791717,4918.1291527791445,2083.6366577595027
id:client8_20,7.3430328369140625,-2.9452600591213587,4918.1291527791445,2083.6366577595027
id:client8_20,7.3430328369140625,-7.576516195708781,4918.1291527791445,2083.6366577595027
id:client8_20,7.3430328369140625,-3.1248557391392526,4918.1291527791445,2083.6366577595027
id:client8_20,7.3430328369140625,3.7898020186112418,4918.1291527791445,2083.6366577595027
id:client8_20,7.3430328369140625,-0.23049719731728305,4918.1291527791445,2083.6366577595027
id:client8_20,7.3430328369140625,-32.529557846428915,4918.1291527791445,2083.6366577595027
id:client8_21,6.30662727355957,9.878887571973728,4918.1291527791445,2083.6366577595027
id:client8_21,6.30662727355957,3.8585889622014915,4918.1291527791445,2083.6366577595027
id:client8_21,6.30662727355957,-26.440472257414672,4918.1291527791445,2083.6366577595027
id:client8_22,5.993345260620117,7.9585291843150605,4918.1291527791445,2083.6366577595027
id:client8_22,5.993345260620117,1.9382305695023503,4918.1291527791445,2083.6366577595027
id:client8_22,5.993345260620117,-28.360830659126563,4918.1291527791445,2083.6366577595027
id:client8_23,7.940986633300781,7.163349230904802,4918.1291527791445,2083.6366577595027
id:client8_23,7.940986633300781,1.1430507588132992,4918.1291527791445,2083.6366577595027
id:client8_23,7.940986633300781,-29.156010616247723,4918.1291527791445,2083.6366577595027
id:client8_24,5.98762321472168,10.242732445454784,3611.6346633184735,583.871090293764
id:client8_24,5.98762321472168,1.324359760052262,3611.6346633184735,583.871090293764
id:client8_24,5.98762321472168,-24.501109519988695,3611.6346633184735,583.871090293764
id:client8_25,6.381013870239258,11.61626047028099,3611.6346633184735,583.871090293764
id:client8_25,6.381013870239258,2.662769146046153,3611.6346633184735,583.871090293764
id:client8_25,6.381013870239258,-23.12758156521389,3611.6346633184735,583.871090293764
id:client8_26,6.062009811401367,9.02617116218529,3611.6346633184735,583.871090293764
id:client8_26,6.062009811401367,0.4567009858335066,3611.6346633184735,583.871090293764
id:client8_26,6.062009811401367,-25.717670829990215,3611.6346633184735,583.871090293764
id:client8_27,6.14784049987793,13.78578715652952,3611.6346633184735,583.871090293764
id:client8_27,6.14784049987793,4.83229545614636,3611.6346633184735,583.871090293764
id:client8_27,6.14784049987793,-20.958054804285943,3611.6346633184735,583.871090293764
id:client8_28,9.150484085083008,7.941625527779811,3611.6346633184735,583.871090293764
id:client8_28,9.150484085083008,-9.803321241889414,3611.6346633184735,583.871090293764
id:client8_28,9.150484085083008,-2.1969445972713912,3611.6346633184735,583.871090293764
id:client8_28,9.150484085083008,-6.015945533587418,3611.6346633184735,583.871090293764
id:client8_28,9.150484085083008,-2.9921246725898594,3611.6346633184735,583.871090293764
id:client8_28,9.150484085083008,6.219653698599541,3611.6346633184735,583.871090293764
id:client8_28,9.150484085083008,-0.27957737942614924,3611.6346633184735,583.871090293764
id:client8_28,9.150484085083008,-29.069927956545936,3611.6346633184735,583.871090293764
id:client8_29,6.692865371704102,32.96717375811668,3611.6346633184735,583.871090293764
id:client8_29,6.692865371704102,9.348935084644271,3611.6346633184735,583.871090293764
id:client8_29,6.692865371704102,17.339328049036332,3611.6346633184735,583.871090293764
id:client8_29,6.692865371704102,13.136310722550697,3611.6346633184735,583.871090293764
id:client8_29,6.692865371704102,16.19525055949736,3611.6346633184735,583.871090293764
id:client8_29,6.692865371704102,30.826170196533425,3611.6346633184735,583.871090293764
id:client8_29,6.692865371704102,21.872678510014595,3611.6346633184735,583.871090293764
id:client8_29,6.692865371704102,-6.917671873724649,3611.6346633184735,583.871090293764
id:client8_30,6.825187683105469,0.6497240762627917,3611.6346633184735,583.871090293764
id:client8_30,6.825187683105469,-17.96851753555536,3611.6346633184735,583.871090293764
id:client8_30,6.825187683105469,-9.978124502331491,3611.6346633184735,583.871090293764
id:client8_30,6.825187683105469,-14.18114182247693,3611.6346633184735,583.871090293764
id:client8_30,6.825187683105469,-11.122201974481268,3611.6346633184735,583.871090293764
id:client8_30,6.825187683105469,-3.0036572933446557e-07,3611.6346633184735,583.871090293764
id:client8_30,6.825187683105469,-5.990513701737798,3611.6346633184735,583.871090293764
id:client8_30,6.825187683105469,-37.23512424328471,3611.6346633184735,583.871090293764
id:client8_31,5.995491027832031,-0.25966274106393283,3611.6346633184735,583.871090293764
id:client8_31,5.995491027832031,-8.059997489227014,3611.6346633184735,583.871090293764
id:client8_31,5.995491027832031,-39.72363976972342,3611.6346633184735,583.871090293764
id:client8_32,6.904581069946289,38.31031725125013,1682.7047832771236,196.21511138850033
id:client8_32,6.904581069946289,14.9650512088922,1682.7047832771236,196.21511138850033
id:client8_32,6.904581069946289,20.336420689161162,1682.7047832771236,196.21511138850033
id:client8_32,6.904581069946289,17.600727580152853,1682.7047832771236,196.21511138850033
id:client8_32,6.904581069946289,18.812066975967042,1682.7047832771236,196.21511138850033
id:client8_32,6.904581069946289,35.4492367538232,1682.7047832771236,196.21511138850033
id:client8_32,6.904581069946289,24.561889220986714,1682.7047832771236,196.21511138850033
id:client8_32,6.904581069946289,-0.67967373908395,1682.7047832771236,196.21511138850033
id:client8_33,6.569841384887695,9.537957469224978,1682.7047832771236,196.21511138850033
id:client8_33,6.569841384887695,-5.9340165525858115,1682.7047832771236,196.21511138850033
id:client8_33,6.569841384887695,-0.9466687077373912,1682.7047832771236,196.21511138850033
id:client8_33,6.569841384887695,-3.2983406336471073,1682.7047832771236,196.21511138850033
id:client8_33,6.569841384887695,-2.1221198112619994,1682.7047832771236,196.21511138850033
id:client8_33,6.569841384887695,7.095908709925311,1682.7047832771236,196.21511138850033
id:client8_33,6.569841384887695,-0.3371783908818705,1682.7047832771236,196.21511138850033
id:client8_33,6.569841384887695,-25.57874017734628,1682.7047832771236,196.21511138850033
id:client8_34,6.592014312744141,12.114203213223739,1682.7047832771236,196.21511138850033
id:client8_34,6.592014312744141,1.2268556779132989,1682.7047832771236,196.21511138850033
id:client8_34,6.592014312744141,-20.014706007639457,1682.7047832771236,196.21511138850033
id:client8_35,6.066301345825195,11.511055304079836,1682.7047832771236,196.21511138850033
id:client8_35,6.066301345825195,0.6588283949141513,1682.7047832771236,196.21511138850033
id:client8_35,6.066301345825195,-20.617853927275124,1682.7047832771236,196.21511138850033
id:client8_36,5.8839111328125,-2.718818893475243e-06,1682.7047832771236,196.21511138850033
id:client8_36,5.8839111328125,-9.464221811619957,1682.7047832771236,196.21511138850033
id:client8_36,5.8839111328125,-38.57907547078853,1682.7047832771236,196.21511138850033
id:client8_37,5.914667129516602,13.55876227864421,1682.7047832771236,196.21511138850033
id:client8_37,5.914667129516602,2.671414738852801,1682.7047832771236,196.21511138850033
id:client8_37,5.914667129516602,-18.570147018708067,1682.7047832771236,196.21511138850033
id:client8_38,6.664970397949219,9.88562903049697,1682.7047832771236,196.21511138850033
id:client8_38,6.664970397949219,3.09676830794576e-07,1682.7047832771236,196.21511138850033
id:client8_38,6.664970397949219,-22.243280196876693,1682.7047832771236,196.21511138850033
id:client8_39,10.962226867675781,0.26069382883656295,1682.7047832771236,196.21511138850033
id:client8_39,10.962226867675781,-16.224505006070565,1682.7047832771236,196.21511138850033
id:client8_39,10.962226867675781,-10.853135559950537,1682.7047832771236,196.21511138850033
id:client8_39,10.962226867675781,-13.588828710710125,1682.7047832771236,196.21511138850033
id:client8_39,10.962226867675781,-12.37748924530629,1682.7047832771236,196.21511138850033
id:client8_39,10.962226867675781,-1.7596574981407219e-10,1682.7047832771236,196.21511138850033
id:client8_39,10.962226867675781,-7.173406689744901,1682.7047832771236,196.21511138850033
id:client8_39,10.962226867675781,-35.8692286169407,1682.7047832771236,196.21511138850033
id:client8_40,7.486799240112305,12.76194009003245,275.1054278082669,212.70333056062145
id:client8_40,7.486799240112305,0.14345091897612844,275.1054278082669,212.70333056062145
id:client8_40,7.486799240112305,-19.525878131724166,275.1054278082669,212.70333056062145
id:client8_41,9.015300750732422,14.188780071433957,275.1054278082669,212.70333056062145
id:client8_41,9.015300750732422,1.5702880768763567,275.1054278082669,212.70333056062145
id:client8_41,9.015300750732422,-18.09903815056981,275.1054278082669,212.70333056062145
id:client8_42,6.230094909667969,10.743715132266862,275.1054278082669,212.70333056062145
id:client8_42,6.230094909667969,-3.7746575686815886e-07,275.1054278082669,212.70333056062145
id:client8_42,6.230094909667969,-21.544103071626367,275.1054278082669,212.70333056062145
id:client8_43,6.538370132446289,12.748578603628786,275.1054278082669,212.70333056062145
id:client8_43,6.538370132446289,0.1652056142460809,275.1054278082669,212.70333056062145
id:client8_43,6.538370132446289,-19.53923957731911,275.1054278082669,212.70333056062145
id:client8_44,6.745079040527344,1.6859500561196804e-06,275.1054278082669,212.70333056062145
id:client8_44,6.745079040527344,-13.776233608967868,275.1054278082669,212.70333056062145
id:client8_44,6.745079040527344,-11.106735428479112,275.1054278082669,212.70333056062145
id:client8_44,6.745079040527344,-12.674449447848072,275.1054278082669,212.70333056062145
id:client8_44,6.745079040527344,-13.076196009707555,275.1054278082669,212.70333056062145
id:client8_44,6.745079040527344,-7.530305903359695e-11,275.1054278082669,212.70333056062145
id:client8_44,6.745079040527344,-8.034350369785564,275.1054278082669,212.70333056062145
id:client8_44,6.745079040527344,-37.15793682114675,275.1054278082669,212.70333056062145
id:client8_45,8.427360534667969,0.23661688496169364,275.1054278082669,212.70333056062145
id:client8_45,8.427360534667969,-9.36864934907874,275.1054278082669,212.70333056062145
id:client8_45,8.427360534667969,-38.91126753602855,275.1054278082669,212.70333056062145
id:client8_46,7.775047302246094,40.35476178920701,275.1054278082669,212.70333056062145
id:client8_46,7.775047302246094,18.192479113926414,275.1054278082669,212.70333056062145
id:client8_46,7.775047302246094,20.861977277449416,275.1054278082669,212.70333056062145
id:client8_46,7.775047302246094,19.29426327477768,275.1054278082669,212.70333056062145
id:client8_46,7.775047302246094,18.892516694396427,275.1054278082669,212.70333056062145
id:client8_46,7.775047302246094,37.09859398192836,275.1054278082669,212.70333056062145
id:client8_46,7.775047302246094,24.480101996038663,275.1054278082669,212.70333056062145
id:client8_46,7.775047302246094,-0.18922352805757006,275.1054278082669,212.70333056062145
id:client8_47,6.921031951904297,10.723593263248654,275.1054278082669,212.70333056062145
id:client8_47,6.921031951904297,-1.5653974676566185,275.1054278082669,212.70333056062145
id:client8_47,6.921031951904297,-9.642661407569322e-05,275.1054278082669,212.70333056062145
id:client8_47,6.921031951904297,-0.46361352975466696,275.1054278082669,212.70333056062145
id:client8_47,6.921031951904297,-0.9004805254589817,275.1054278082669,212.70333056062145
id:client8_47,6.921031951904297,7.886457191147296,275.1054278082669,212.70333056062145
id:client8_47,6.921031951904297,-0.27777499185024745,275.1054278082669,212.70333056062145
id:client8_47,6.921031951904297,-24.94710067708022,275.1054278082669,212.70333056062145
id:client8_48,6.082036972045898,12.832890820808823,24.760332613809446,62.50908721561301
id:client8_48,6.082036972045898,1.8938166321337725e-08,24.760332613809446,62.50908721561301
id:client8_48,6.082036972045898,-19.764407374643987,24.760332613809446,62.50908721561301
id:client8_49,6.792285919189453,13.089864076333347,24.760332613809446,62.50908721561301
id:client8_49,6.792285919189453,-2.0117332264324897e-10,24.760332613809446,62.50908721561301
id:client8_49,6.792285919189453,-19.507434082384925,24.760332613809446,62.50908721561301
id:client8_50,5.98762321472168,1.3677039963448656,24.760332613809446,62.50908721561301
id:client8_50,5.98762321472168,-9.590412005872171,24.760332613809446,62.50908721561301
id:client8_50,5.98762321472168,-39.8205919958081,24.760332613809446,62.50908721561301
id:client8_51,6.807306289672852,11.286043806522912,24.760332613809446,62.50908721561301
id:client8_51,6.807306289672852,-0.1590217758040404,24.760332613809446,62.50908721561301
id:client8_51,6.807306289672852,-21.311254364457547,24.760332613809446,62.50908721561301
id:client8_52,6.260135650634766,14.832579301890958,24.760332613809446,62.50908721561301
id:client8_52,6.260135650634766,0.5921695506593274,24.760332613809446,62.50908721561301
id:client8_52,6.260135650634766,-17.76471888885066,24.760332613809446,62.50908721561301
id:client8_53,6.805875778198242,40.75070479703166,24.760332613809446,62.50908721561301
id:client8_53,6.805875778198242,19.45328998473279,24.760332613809446,62.50908721561301
id:client8_53,6.805875778198242,21.045601739918766,24.760332613809446,62.50908721561301
id:client8_53,6.805875778198242,19.941796446586462,24.760332613809446,62.50908721561301
id:client8_53,6.805875778198242,18.64616765423575,24.760332613809446,62.50908721561301
id:client8_53,6.805875778198242,38.52666995057255,24.760332613809446,62.50908721561301
id:client8_53,6.805875778198242,24.286259807526044,24.760332613809446,62.50908721561301
id:client8_53,6.805875778198242,-0.07082070225930467,24.760332613809446,62.50908721561301
id:client8_54,8.0811767578125,10.3552741946083,24.760332613809446,62.50908721561301
id:client8_54,8.0811767578125,1.2315779008191042e-11,24.760332613809446,62.50908721561301
id:client8_54,8.0811767578125,-8.008568570833791e-11,24.760332613809446,62.50908721561301
id:client8_54,8.0811767578125,1.622024516754387e-10,24.760332613809446,62.50908721561301
id:client8_54,8.0811767578125,-3.512177049956838e-07,24.760332613809446,62.50908721561301
id:client8_54,8.0811767578125,8.550271083059824,24.760332613809446,62.50908721561301
id:client8_54,8.0811767578125,-0.23587819693118983,24.760332613809446,62.50908721561301
id:client8_54,8.0811767578125,-24.59276674830632,24.760332613809446,62.50908721561301
id:client8_55,7.097700119018555,0.001452694900999858,24.760332613809446,62.50908721561301
id:client8_55,7.097700119018555,-12.644060126652885,24.760332613809446,62.50908721561301
id:client8_55,7.097700119018555,-11.051748354507716,24.760332613809446,62.50908721561301
id:client8_55,7.097700119018555,-12.155553664626682,24.760332613809446,62.50908721561301
id:client8_55,7.097700119018555,-13.451182427090604,24.760332613809446,62.50908721561301
id:client8_55,7.097700119018555,2.7169012342335526e-08,24.760332613809446,62.50908721561301
id:client8_55,7.097700119018555,-8.356829951052527,24.760332613809446,62.50908721561301
id:client8_55,7.097700119018555,-38.16797820453862,24.760332613809446,62.50908721561301
id:client8_56,5.790212631225586,1.763478122442541,17.60808296549032,11.349888699894262
id:client8_56,5.790212631225586,-9.384030445866424,17.60808296549032,11.349888699894262
id:client8_56,5.790212631225586,-40.422747682125916,17.60808296549032,11.349888699894262
id:client8_57,7.350900650024414,9.748595946961585,17.60808296549032,11.349888699894262
id:client8_57,7.350900650024414,2.0891412537654523e-06,17.60808296549032,11.349888699894262
id:client8_57,7.350900650024414,-5.654173130821674e-08,17.60808296549032,11.349888699894262
id:client8_57,7.350900650024414,3.284162467119718e-07,17.60808296549032,11.349888699894262
id:client8_57,7.350900650024414,-7.193336719385675e-08,17.60808296549032,11.349888699894262
id:client8_57,7.350900650024414,8.795728306799708,17.60808296549032,11.349888699894262
id:client8_57,7.350900650024414,-0.1510342422212841,17.60808296549032,11.349888699894262
id:client8_57,7.350900650024414,-24.31639417324743,17.60808296549032,11.349888699894262
id:client8_58,7.626989364624023,40.9119534002087,17.60808296549032,11.349888699894262
id:client8_58,7.626989364624023,19.04592151021852,17.60808296549032,11.349888699894262
id:client8_58,7.626989364624023,21.127487198875794,17.60808296549032,11.349888699894262
id:client8_58,7.626989364624023,20.269804386905125,17.60808296549032,11.349888699894262
id:client8_58,7.626989364624023,18.9113948695449,17.60808296549032,11.349888699894262
id:client8_58,7.626989364624023,39.540054023498975,17.60808296549032,11.349888699894262
id:client8_58,7.626989364624023,24.139096488574335,17.60808296549032,11.349888699894262
id:client8_58,7.626989364624023,-0.026198688559065694,17.60808296549032,11.349888699894262
id:client8_59,6.957509994506836,13.141914407446324,17.60808296549032,11.349888699894262
id:client8_59,6.957509994506836,-0.1350160184526677,17.60808296549032,11.349888699894262
id:client8_59,6.957509994506836,-19.42446839052768,17.60808296549032,11.349888699894262
id:client8_60,8.625486373901367,8.672710192168292e-11,17.60808296549032,11.349888699894262
id:client8_60,8.625486373901367,-12.912001238281446,17.60808296549032,11.349888699894262
id:client8_60,8.625486373901367,-10.830435530214158,17.60808296549032,11.349888699894262
id:client8_60,8.625486373901367,-11.688118366327595,17.60808296549032,11.349888699894262
id:client8_60,8.625486373901367,-13.046527846853918,17.60808296549032,11.349888699894262
id:client8_60,8.625486373901367,2.8907630687775117e-07,17.60808296549032,11.349888699894262
id:client8_60,8.625486373901367,-8.364565902223175,17.60808296549032,11.349888699894262
id:client8_60,8.625486373901367,-38.98425140528681,17.60808296549032,11.349888699894262
id:client8_61,6.050565719604492,12.60656007237511,17.60808296549032,11.349888699894262
id:client8_61,6.050565719604492,-1.1469796532182262e-08,17.60808296549032,11.349888699894262
id:client8_61,6.050565719604492,-19.959822755595393,17.60808296549032,11.349888699894262
id:client8_62,7.381656646728516,11.36647222530104,17.60808296549032,11.349888699894262
id:client8_62,7.381656646728516,-0.20516353495465814,17.60808296549032,11.349888699894262
id:client8_62,7.381656646728516,-21.199910584922286,17.60808296549032,11.349888699894262
id:client8_63,8.051136016845703,14.898739642775675,17.60808296549032,11.349888699894262
id:client8_63,8.051136016845703,0.42893344362607083,17.60808296549032,11.349888699894262
id:client8_63,8.051136016845703,-17.667643184699948,17.60808296549032,11.349888699894262
id:client8_64,6.190755844116211,12.937449766797359,13.642111506680262,3.108450373084838
id:client8_64,6.190755844116211,-0.11548814143633228,13.642111506680262,3.108450373084838
id:client8_64,6.190755844116211,-19.23953162786966,13.642111506680262,3.108450373084838
id:client8_65,6.7078857421875,9.235233685472343,13.642111506680262,3.108450373084838
id:client8_65,6.7078857421875,1.1746512952781605e-09,13.642111506680262,3.108450373084838
id:client8_65,6.7078857421875,-1.9317504708550937e-10,13.642111506680262,3.108450373084838
id:client8_65,6.7078857421875,7.137187483913532e-10,13.642111506680262,3.108450373084838
id:client8_65,6.7078857421875,-1.2529109587651253e-10,13.642111506680262,3.108450373084838
id:client8_65,6.7078857421875,8.782194084341874,13.642111506680262,3.108450373084838
id:client8_65,6.7078857421875,-7.914222332372923e-07,13.642111506680262,3.108450373084838
id:client8_65,6.7078857421875,-23.940526984406926,13.642111506680262,3.108450373084838
id:client8_66,8.814313888549805,41.04550821861673,13.642111506680262,3.108450373084838
id:client8_66,8.814313888549805,18.101015794931293,13.642111506680262,3.108450373084838
id:client8_66,8.814313888549805,21.14542526734754,13.642111506680262,3.108450373084838
id:client8_66,8.814313888549805,20.37298076785925,13.642111506680262,3.108450373084838
id:client8_66,8.814313888549805,19.25551792810982,13.642111506680262,3.108450373084838
id:client8_66,8.814313888549805,40.17343688400062,13.642111506680262,3.108450373084838
id:client8_66,8.814313888549805,24.012432918896987,13.642111506680262,3.108450373084838
id:client8_66,8.814313888549805,-0.006429903013993366,13.642111506680262,3.108450373084838
id:client8_67,5.895355224609375,12.176236180088122,13.642111506680262,3.108450373084838
id:client8_67,5.895355224609375,1.3899534192327925e-09,13.642111506680262,3.108450373084838
id:client8_67,5.895355224609375,-20.000745247162854,13.642111506680262,3.108450373084838
id:client8_68,5.902507781982422,11.061788290193144,13.642111506680262,3.108450373084838
id:client8_68,5.902507781982422,-0.09191016042752953,13.642111506680262,3.108450373084838
id:client8_68,5.902507781982422,-21.115193118414478,13.642111506680262,3.108450373084838
id:client8_69,5.931833267211914,14.55676372667463,13.642111506680262,3.108450373084838
id:client8_69,5.931833267211914,0.6171891478621374,13.642111506680262,3.108450373084838
id:client8_69,5.931833267211914,-17.62021769898214,13.642111506680262,3.108450373084838
id:client8_70,7.224300384521484,1.442080316420128,13.642111506680262,3.108450373084838
id:client8_70,7.224300384521484,-8.79805546667575,13.642111506680262,3.108450373084838
id:client8_70,7.224300384521484,-40.68732485892645,13.642111506680262,3.108450373084838
id:client8_71,6.62849235534668,2.9475729432764606e-11,13.642111506680262,3.108450373084838
id:client8_71,6.62849235534668,-13.648578000175858,13.642111506680262,3.108450373084838
id:client8_71,6.62849235534668,-10.604168508391613,13.642111506680262,3.108450373084838
id:client8_71,6.62849235534668,-11.376613029376564,13.642111506680262,3.108450373084838
id:client8_71,6.62849235534668,-12.494075835979801,13.642111506680262,3.108450373084838
id:client8_71,6.62849235534668,0.3335740837608444,13.642111506680262,3.108450373084838
id:client8_71,6.62849235534668,-8.282900525359116,13.642111506680262,3.108450373084838
id:client8_71,6.62849235534668,-39.753138184620596,13.642111506680262,3.108450373084838
id:client8_72,7.8065185546875,41.07581356521251,10.394574410471352,3.5905995462869136
id:client8_72,7.8065185546875,17.374782172875292,10.394574410471352,3.5905995462869136
id:client8_72,7.8065185546875,21.107250520816823,10.394574410471352,3.5905995462869136
id:client8_72,7.8065185546875,20.26924347058711,10.394574410471352,3.5905995462869136
id:client8_72,7.8065185546875,19.337448952497905,10.394574410471352,3.5905995462869136
id:client8_72,7.8065185546875,40.6747533830055,10.394574410471352,3.5905995462869136
id:client8_72,7.8065185546875,23.735545599833962,10.394574410471352,3.5905995462869136
id:client8_72,7.8065185546875,-0.0006859505810429475,10.394574410471352,3.5905995462869136
id:client8_73,9.872177124023438,8.698395234244547,10.394574410471352,3.5905995462869136
id:client8_73,9.872177124023438,4.043643536846928e-08,10.394574410471352,3.5905995462869136
id:client8_73,9.872177124023438,-3.0246026498143498e-09,10.394574410471352,3.5905995462869136
id:client8_73,9.872177124023438,2.470154048787908e-06,10.394574410471352,3.5905995462869136
id:client8_73,9.872177124023438,3.1680798465450176e-09,10.394574410471352,3.5905995462869136
id:client8_73,9.872177124023438,8.716366783696346,10.394574410471352,3.5905995462869136
id:client8_73,9.872177124023438,-2.6447596198795817e-08,10.394574410471352,3.5905995462869136
id:client8_73,9.872177124023438,-23.493795296047846,10.394574410471352,3.5905995462869136
id:client8_74,7.607677459716797,-2.917084274705635e-09,10.394574410471352,3.5905995462869136
id:client8_74,7.607677459716797,-14.023720103051511,10.394574410471352,3.5905995462869136
id:client8_74,7.607677459716797,-10.291251737563215,10.394574410471352,3.5905995462869136
id:client8_74,7.607677459716797,-11.129258806847618,10.394574410471352,3.5905995462869136
id:client8_74,7.607677459716797,-12.061053292359855,10.394574410471352,3.5905995462869136
id:client8_74,7.607677459716797,0.2762514354436665,10.394574410471352,3.5905995462869136
id:client8_74,7.607677459716797,-8.208696321930878,10.394574410471352,3.5905995462869136
id:client8_74,7.607677459716797,-40.388171170947174,10.394574410471352,3.5905995462869136
id:client8_75,6.0612945556640625,10.6419502048555,10.394574410471352,3.5905995462869136
id:client8_75,6.0612945556640625,-9.598111169430634e-08,10.394574410471352,3.5905995462869136
id:client8_75,6.0612945556640625,-21.022472207730143,10.394574410471352,3.5905995462869136
id:client8_76,7.579067230224609,14.35577132570274,10.394574410471352,3.5905995462869136
id:client8_76,7.579067230224609,0.45852350199851544,10.394574410471352,3.5905995462869136
id:client8_76,7.579067230224609,-17.30865110645606,10.394574410471352,3.5905995462869136
id:client8_77,8.198478698730469,11.721698614113476,10.394574410471352,3.5905995462869136
id:client8_77,8.198478698730469,1.1703190428548696e-07,10.394574410471352,3.5905995462869136
id:client8_77,8.198478698730469,-19.94272382205745,10.394574410471352,3.5905995462869136
id:client8_78,5.888202667236328,12.623426254208574,10.394574410471352,3.5905995462869136
id:client8_78,5.888202667236328,-1.077873787613435e-07,10.394574410471352,3.5905995462869136
id:client8_78,5.888202667236328,-19.040996146565117,10.394574410471352,3.5905995462869136
id:client8_79,7.009008407592773,0.8699475688382158,10.394574410471352,3.5905995462869136
id:client8_79,7.009008407592773,-8.157370506378072,10.394574410471352,3.5905995462869136
id:client8_79,7.009008407592773,-40.75587708459503,10.394574410471352,3.5905995462869136
id:client8_80,6.104209899902344,0.35296946245297767,7.622452234296706,2.2667810699929
id:client8_80,6.104209899902344,-7.635058255259706,7.622452234296706,2.2667810699929
id:client8_80,6.104209899902344,-40.76121120734804,7.622452234296706,2.2667810699929
id:client8_81,6.014087677001953,12.341033525572284,7.622452234296706,2.2667810699929
id:client8_81,6.014087677001953,-2.2068402927931938e-11,7.622452234296706,2.2667810699929
id:client8_81,6.014087677001953,-18.75860354069837,7.622452234296706,2.2667810699929
id:client8_82,9.21342658996582,14.2513695338042,7.622452234296706,2.2667810699929
id:client8_82,9.21342658996582,0.12447896076666543,7.622452234296706,2.2667810699929
id:client8_82,9.21342658996582,-16.848267564264805,7.622452234296706,2.2667810699929
id:client8_83,6.161430358886719,11.298728447297787,7.622452234296706,2.2667810699929
id:client8_83,6.161430358886719,2.8222289746404443e-06,7.622452234296706,2.2667810699929
id:client8_83,6.161430358886719,-19.80090866106081,7.622452234296706,2.2667810699929
id:client8_84,7.358768463134766,10.200752722837723,7.622452234296706,2.2667810699929
id:client8_84,7.358768463134766,-1.4258445110257203e-07,7.622452234296706,2.2667810699929
id:client8_84,7.358768463134766,-20.898884355986944,7.622452234296706,2.2667810699929
id:client8_85,8.690574645996094,40.98735310484454,7.622452234296706,2.2667810699929
id:client8_85,8.690574645996094,16.84489552436942,7.622452234296706,2.2667810699929
id:client8_85,8.690574645996094,21.02149252821619,7.622452234296706,2.2667810699929
id:client8_85,8.690574645996094,20.047183277576863,7.622452234296706,2.2667810699929
id:client8_85,8.690574645996094,19.152999313386726,7.622452234296706,2.2667810699929
id:client8_85,8.690574645996094,41.121716013437435,7.622452234296706,2.2667810699929
id:client8_85,8.690574645996094,23.27493993706698,7.622452234296706,2.2667810699929
id:client8_85,8.690574645996094,-6.667737916783581e-06,7.622452234296706,2.2667810699929
id:client8_86,6.978967666625977,7.859472224021448,7.622452234296706,2.2667810699929
id:client8_86,6.978967666625977,1.1766100965324003e-10,7.622452234296706,2.2667810699929
id:client8_86,6.978967666625977,-5.819518238009568e-11,7.622452234296706,2.2667810699929
id:client8_86,6.978967666625977,3.0958313573239624e-07,7.622452234296706,2.2667810699929
id:client8_86,6.978967666625977,-1.3751057029986551e-11,7.622452234296706,2.2667810699929
id:client8_86,6.978967666625977,8.412866860251935,7.622452234296706,2.2667810699929
id:client8_86,6.978967666625977,-2.631073074829371e-10,7.622452234296706,2.2667810699929
id:client8_86,6.978967666625977,-23.232509882598215,7.622452234296706,2.2667810699929
id:client8_87,6.995418548583984,-3.2044620576042905e-09,7.622452234296706,2.2667810699929
id:client8_87,6.995418548583984,-14.1216005580192,7.622452234296706,2.2667810699929
id:client8_87,6.995418548583984,-9.945003535923522,7.622452234296706,2.2667810699929
id:client8_87,6.995418548583984,-10.919312808993464,7.622452234296706,2.2667810699929
id:client8_87,6.995418548583984,-11.813496737919934,7.622452234296706,2.2667810699929
id:client8_87,6.995418548583984,0.1552264479603014,7.622452234296706,2.2667810699929
id:client8_87,6.995418548583984,-8.237295793646805,7.622452234296706,2.2667810699929
id:client8_87,6.995418548583984,-40.944417012168046,7.622452234296706,2.2667810699929
id:client8_88,7.702091217041016,7.0812856670073945,4.557400575446193,2.215104047713612
id:client8_88,7.702091217041016,3.420694012206105e-10,4.557400575446193,2.215104047713612
id:client8_88,7.702091217041016,-1.2003666659341152e-10,4.557400575446193,2.215104047713612
id:client8_88,7.702091217041016,5.475718785181126e-07,4.557400575446193,2.215104047713612
id:client8_88,7.702091217041016,-2.7408465237543212e-11,4.557400575446193,2.215104047713612
id:client8_88,7.702091217041016,8.202269159119329,4.557400575446193,2.215104047713612
id:client8_88,7.702091217041016,-5.307690115064685e-10,4.557400575446193,2.215104047713612
id:client8_88,7.702091217041016,-22.87814131370942,4.557400575446193,2.215104047713612
id:client8_89,7.55474853515625,-7.914422717117968e-10,4.557400575446193,2.215104047713612
id:client8_89,7.55474853515625,-14.131276321238536,4.557400575446193,2.215104047713612
id:client8_89,7.55474853515625,-9.62720723124917,4.557400575446193,2.215104047713612
id:client8_89,7.55474853515625,-10.740614489536183,4.557400575446193,2.215104047713612
id:client8_89,7.55474853515625,-11.760342433955397,4.557400575446193,2.215104047713612
id:client8_89,7.55474853515625,0.0519462137747985,4.557400575446193,2.215104047713612
id:client8_89,7.55474853515625,-8.135683044712989,4.557400575446193,2.215104047713612
id:client8_89,7.55474853515625,-41.482722692572125,4.557400575446193,2.215104047713612
id:client8_90,6.743648529052734,40.858962489362774,4.557400575446193,2.215104047713612
id:client8_90,6.743648529052734,16.377689953230764,4.557400575446193,2.215104047713612
id:client8_90,6.743648529052734,20.88175902340379,4.557400575446193,2.215104047713612
id:client8_90,6.743648529052734,19.768351795950977,4.557400575446193,2.215104047713612
id:client8_90,6.743648529052734,18.74862380835385,4.557400575446193,2.215104047713612
id:client8_90,6.743648529052734,41.56091425067826,4.557400575446193,2.215104047713612
id:client8_90,6.743648529052734,22.91902287494402,4.557400575446193,2.215104047713612
id:client8_90,6.743648529052734,-0.00025748274914102337,4.557400575446193,2.215104047713612
id:client8_91,6.5247802734375,14.076934542551754,4.557400575446193,2.215104047713612
id:client8_91,6.5247802734375,6.201650812420527e-09,4.557400575446193,2.215104047713612
id:client8_91,6.5247802734375,-16.45773628341203,4.557400575446193,2.215104047713612
id:client8_92,6.149271011352539,12.058549804057213,4.557400575446193,2.215104047713612
id:client8_92,6.149271011352539,4.379104183311399e-09,4.557400575446193,2.215104047713612
id:client8_92,6.149271011352539,-18.476120991237455,4.557400575446193,2.215104047713612
id:client8_93,7.8809051513671875,9.771848389219384,4.557400575446193,2.215104047713612
id:client8_93,7.8809051513671875,-1.0283258703074408e-05,4.557400575446193,2.215104047713612
id:client8_93,7.8809051513671875,-20.762822426258765,4.557400575446193,2.215104047713612
id:client8_94,6.374576568603516,10.930043052178792,4.557400575446193,2.215104047713612
id:client8_94,6.374576568603516,3.5595315121243634e-08,4.557400575446193,2.215104047713612
id:client8_94,6.374576568603516,-19.604627776568936,4.557400575446193,2.215104047713612
id:client8_95,6.207206726074219,2.08856835812515e-05,4.557400575446193,2.215104047713612
id:client8_95,6.207206726074219,-7.138624756716813,4.557400575446193,2.215104047713612
id:client8_95,6.207206726074219,-40.904696132893434,4.557400575446193,2.215104047713612
id:client8_96,6.372430801391602,9.397355408353025,4.047783614137223,3.1638080619357534
id:client8_96,6.372430801391602,-2.5861722784117566e-06,4.047783614137223,3.1638080619357534
id:client8_96,6.372430801391602,-20.61321508645376,4.047783614137223,3.1638080619357534
id:client8_97,5.951860427856445,13.835289297311078,4.047783614137223,3.1638080619357534
id:client8_97,5.951860427856445,3.467980131640128e-08,4.047783614137223,3.1638080619357534
id:client8_97,5.951860427856445,-16.175281214593756,4.047783614137223,3.1638080619357534
id:client8_98,10.143974304199219,40.91149820260041,4.047783614137223,3.1638080619357534
id:client8_98,10.143974304199219,16.010966426847364,4.047783614137223,3.1638080619357534
id:client8_98,10.143974304199219,20.706514742769873,4.047783614137223,3.1638080619357534
id:client8_98,10.143974304199219,19.471055338270435,4.047783614137223,3.1638080619357534
id:client8_98,10.143974304199219,18.291065107477195,4.047783614137223,3.1638080619357534
id:client8_98,10.143974304199219,42.032692166908156,4.047783614137223,3.1638080619357534
id:client8_98,10.143974304199219,22.565561014256307,4.047783614137223,3.1638080619357534
id:client8_98,10.143974304199219,-4.0098572649861254e-05,4.047783614137223,3.1638080619357534
id:client8_99,6.967523574829102,6.4826437834649155,4.047783614137223,3.1638080619357534
id:client8_99,6.967523574829102,6.233794418511801e-10,4.047783614137223,3.1638080619357534
id:client8_99,6.967523574829102,-1.6837079515733827e-10,4.047783614137223,3.1638080619357534
id:client8_99,6.967523574829102,8.055041572244213e-07,4.047783614137223,3.1638080619357534
id:client8_99,6.967523574829102,-3.320552887899478e-11,4.047783614137223,3.1638080619357534
id:client8_99,6.967523574829102,8.022869476259066,4.047783614137223,3.1638080619357534
id:client8_99,6.967523574829102,-7.415736715111841e-10,4.047783614137223,3.1638080619357534
id:client8_99,6.967523574829102,-22.53344067946206,4.047783614137223,3.1638080619357534
id:client8_100,6.732204437255859,-3.960965217963883e-08,4.047783614137223,3.1638080619357534
id:client8_100,6.732204437255859,-14.047009568415303,4.047783614137223,3.1638080619357534
id:client8_100,6.732204437255859,-9.3514612434433,4.047783614137223,3.1638080619357534
id:client8_100,6.732204437255859,-10.586920665289265,4.047783614137223,3.1638080619357534
id:client8_100,6.732204437255859,-11.766910857504053,4.047783614137223,3.1638080619357534
id:client8_100,6.732204437255859,0.00041116083621795755,4.047783614137223,3.1638080619357534
id:client8_100,6.732204437255859,-8.038154630125554,4.047783614137223,3.1638080619357534
id:client8_100,6.732204437255859,-42.03585417857508,4.047783614137223,3.1638080619357534
id:client8_101,6.441810607910156,5.269941488840251e-07,4.047783614137223,3.1638080619357534
id:client8_101,6.441810607910156,-6.81328463011104,4.047783614137223,3.1638080619357534
id:client8_101,6.441810607910156,-41.23001591020337,4.047783614137223,3.1638080619357534
id:client8_102,6.9310455322265625,11.796498457581878,4.047783614137223,3.1638080619357534
id:client8_102,6.9310455322265625,1.2562623339806047e-08,4.047783614137223,3.1638080619357534
id:client8_102,6.9310455322265625,-18.214072022118998,4.047783614137223,3.1638080619357534
id:client8_103,7.501819610595703,10.627005261958718,4.047783614137223,3.1638080619357534
id:client8_103,7.501819610595703,1.9145759213562278e-07,4.047783614137223,3.1638080619357534
id:client8_103,7.501819610595703,-19.383565254855004,4.047783614137223,3.1638080619357534
id:client8_104,6.127098083496094,11.564578565865148,1.8824418402219771,1.7475102323749891
id:client8_104,6.127098083496094,2.683738922082689e-09,1.8824418402219771,1.7475102323749891
id:client8_104,6.127098083496094,-17.982149358992345,1.8824418402219771,1.7475102323749891
id:client8_105,6.431797027587891,10.388730254984482,1.8824418402219771,1.7475102323749891
id:client8_105,6.431797027587891,2.4960292718952896e-07,1.8824418402219771,1.7475102323749891
id:client8_105,6.431797027587891,-19.157997708294406,1.8824418402219771,1.7475102323749891
id:client8_106,6.159284591674805,9.094311566510436,1.8824418402219771,1.7475102323749891
id:client8_106,6.159284591674805,-1.2585851229471312e-06,1.8824418402219771,1.7475102323749891
id:client8_106,6.159284591674805,-20.452416377915696,1.8824418402219771,1.7475102323749891
id:client8_107,5.9582977294921875,13.60337882269284,1.8824418402219771,1.7475102323749891
id:client8_107,5.9582977294921875,1.8769592669399925e-09,1.8824418402219771,1.7475102323749891
id:client8_107,5.9582977294921875,-15.943349132594971,1.8824418402219771,1.7475102323749891
id:client8_108,8.09190559387207,9.99264093140621e-09,1.8824418402219771,1.7475102323749891
id:client8_108,8.09190559387207,-6.484794204761293,1.8824418402219771,1.7475102323749891
id:client8_108,8.09190559387207,-41.55850580824636,1.8824418402219771,1.7475102323749891
id:client8_109,8.244970321655273,41.27101039736487,1.8824418402219771,1.7475102323749891
id:client8_109,8.244970321655273,15.779860118661835,1.8824418402219771,1.7475102323749891
id:client8_109,8.244970321655273,20.50876469998916,1.8824418402219771,1.7475102323749891
id:client8_109,8.244970321655273,19.179456402451216,1.8824418402219771,1.7475102323749891
id:client8_109,8.244970321655273,17.90409032537451,1.8824418402219771,1.7475102323749891
id:client8_109,8.244970321655273,42.55805346954955,1.8824418402219771,1.7475102323749891
id:client8_109,8.244970321655273,22.211745195005104,1.8824418402219771,1.7475102323749891
id:client8_109,8.244970321655273,-1.6307767660139576e-05,1.8824418402219771,1.7475102323749891
id:client8_110,7.096269607543945,6.188011847797955,1.8824418402219771,1.7475102323749891
id:client8_110,7.096269607543945,4.594560170763736e-10,1.8824418402219771,1.7475102323749891
id:client8_110,7.096269607543945,-1.2323529890568413e-10,1.8824418402219771,1.7475102323749891
id:client8_110,7.096269607543945,6.388669486404432e-07,1.8824418402219771,1.7475102323749891
id:client8_110,7.096269607543945,-2.4414927013236263e-11,1.8824418402219771,1.7475102323749891
id:client8_110,7.096269607543945,7.894086650553857,1.8824418402219771,1.7475102323749891
id:client8_110,7.096269607543945,-5.392116884963053e-10,1.8824418402219771,1.7475102323749891
id:client8_110,7.096269607543945,-22.198380953292485,1.8824418402219771,1.7475102323749891
id:client8_111,6.986835479736328,-2.875900482480298e-08,1.8824418402219771,1.7475102323749891
id:client8_111,6.986835479736328,-13.866055641059384,1.8824418402219771,1.7475102323749891
id:client8_111,6.986835479736328,-9.137151048052068,1.8824418402219771,1.7475102323749891
id:client8_111,6.986835479736328,-10.466459363112355,1.8824418402219771,1.7475102323749891
id:client8_111,6.986835479736328,-11.741825402982709,1.8824418402219771,1.7475102323749891
id:client8_111,6.986835479736328,9.176460439246081e-05,1.8824418402219771,1.7475102323749891
id:client8_111,6.986835479736328,-7.979910210528132,1.8824418402219771,1.7475102323749891
id:client8_111,6.986835479736328,-42.63459008209171,1.8824418402219771,1.7475102323749891
id:client8_112,8.913734436035156,-1.251232198112758e-09,1.6909641271880853,1.5290823768983266
id:client8_112,8.913734436035156,-13.639248471113428,1.6909641271880853,1.5290823768983266
id:client8_112,8.913734436035156,-8.968017727836072,1.6909641271880853,1.5290823768983266
id:client8_112,8.913734436035156,-10.359190094035835,1.6909641271880853,1.5290823768983266
id:client8_112,8.913734436035156,-11.635662751160593,1.6909641271880853,1.5290823768983266
id:client8_112,8.913734436035156,1.111958924079285e-06,1.6909641271880853,1.5290823768983266
id:client8_112,8.913734436035156,-7.954448246610675,1.6909641271880853,1.5290823768983266
id:client8_112,8.913734436035156,-43.269333820493394,1.6909641271880853,1.5290823768983266
id:client8_113,5.974033355712891,11.370400203257045,1.6909641271880853,1.5290823768983266
id:client8_113,5.974033355712891,-3.865878990391021e-10,1.6909641271880853,1.5290823768983266
id:client8_113,5.974033355712891,-17.787970227248334,1.6909641271880853,1.5290823768983266
