id:client8_0,9.011009216308594,-16.014433334202444,inf,inf
id:client8_0,9.011009216308594,-16.014433334202444,inf,inf
id:client8_0,9.011009216308594,-16.014433334202447,inf,inf
id:client8_1,8.703449249267578,-13.180210133198727,inf,inf
id:client8_1,8.703449249267578,-13.180210133198727,inf,inf
id:client8_1,8.703449249267578,-13.180210133198727,inf,inf
id:client8_1,8.703449249267578,-13.180210133198727,inf,inf
id:client8_1,8.703449249267578,-13.180210133198727,inf,inf
id:client8_1,8.703449249267578,-13.180210133198727,inf,inf
id:client8_1,8.703449249267578,-13.180210133198727,inf,inf
id:client8_1,8.703449249267578,-13.180210133198727,inf,inf
id:client8_2,7.0225982666015625,12.668625000073122,inf,inf
id:client8_2,7.0225982666015625,12.668625000073122,inf,inf
id:client8_2,7.0225982666015625,12.668625000073122,inf,inf
id:client8_2,7.0225982666015625,12.668625000073122,inf,inf
id:client8_2,7.0225982666015625,12.668625000073124,inf,inf
id:client8_2,7.0225982666015625,12.668625000073122,inf,inf
id:client8_2,7.0225982666015625,12.668625000073122,inf,inf
id:client8_2,7.0225982666015625,12.668625000073122,inf,inf
id:client8_3,6.0670166015625,-2.222223320183969,inf,inf
id:client8_3,6.0670166015625,-2.222223320183969,inf,inf
id:client8_3,6.0670166015625,-2.222223320183969,inf,inf
id:client8_4,6.157138824462891,-9.925961293977828,inf,inf
id:client8_4,6.157138824462891,-9.925961293977828,inf,inf
id:client8_4,6.157138824462891,-9.925961293977828,inf,inf
id:client8_5,8.222797393798828,-5.077299952543786,inf,inf
id:client8_5,8.222797393798828,-5.077299952543786,inf,inf
id:client8_5,8.222797393798828,-5.077299952543786,inf,inf
id:client8_6,6.1185150146484375,-9.566770992560501,inf,inf
id:client8_6,6.1185150146484375,-9.566770992560501,inf,inf
id:client8_6,6.1185150146484375,-9.566770992560501,inf,inf
id:client8_7,6.2444000244140625,-15.176369767053833,inf,inf
id:client8_7,6.2444000244140625,-15.176369767053833,inf,inf
id:client8_7,6.2444000244140625,-15.176369767053833,inf,inf
id:client8_7,6.2444000244140625,-15.176369767053833,inf,inf
id:client8_7,6.2444000244140625,-15.176369767053831,inf,inf
id:client8_7,6.2444000244140625,-15.176369767053833,inf,inf
id:client8_7,6.2444000244140625,-15.176369767053833,inf,inf
id:client8_7,6.2444000244140625,-15.176369767053833,inf,inf
id:client8_8,6.689289093017578,8.849360991166927e-08,4516.273582832783,4516.273582832783
id:client8_8,6.689289093017578,-12.045625806280482,4516.273582832783,4516.273582832783
id:client8_8,6.689289093017578,-4.341887832496939,4516.273582832783,4516.273582832783
id:client8_8,6.689289093017578,-9.190549173922472,4516.273582832783,4516.273582832783
id:client8_8,6.689289093017578,-4.701078133913034,4516.273582832783,4516.273582832783
id:client8_8,6.689289093017578,-1.329625301157683e-11,4516.273582832783,4516.273582832783
id:client8_8,6.689289093017578,-1.0876389933855142,4516.273582832783,4516.273582832783
id:client8_8,6.689289093017578,-26.936474126534364,4516.273582832783,4516.273582832783
id:client8_9,6.418922424316406,21.121227860015512,4516.273582832783,4516.273582832783
id:client8_9,6.418922424316406,7.32901784610349,4516.273582832783,4516.273582832783
id:client8_9,6.418922424316406,15.032755819800483,4516.273582832783,4516.273582832783
id:client8_9,6.418922424316406,10.184094478390938,4516.273582832783,4516.273582832783
id:client8_9,6.418922424316406,14.673565518384141,4516.273582832783,4516.273582832783
id:client8_9,6.418922424316406,20.283164292867706,4516.273582832783,4516.273582832783
id:client8_9,6.418922424316406,18.287004659015036,4516.273582832783,4516.273582832783
id:client8_9,6.418922424316406,-5.561830474571751,4516.273582832783,4516.273582832783
id:client8_10,6.6334991455078125,1.228127159431297,4516.273582832783,4516.273582832783
id:client8_10,6.6334991455078125,1.8540646074955818e-08,4516.273582832783,4516.273582832783
id:client8_10,6.6334991455078125,-24.616867643792272,4516.273582832783,4516.273582832783
id:client8_11,6.313779830932617,-6.067381931981661,4516.273582832783,4516.273582832783
id:client8_11,6.313779830932617,-8.063541505020765,4516.273582832783,4516.273582832783
id:client8_11,6.313779830932617,-33.912376577272475,4516.273582832783,4516.273582832783
