id:client8_0,8.589008331298828,-16.014433334202444,inf,inf
id:client8_0,8.589008331298828,-16.014433334202444,inf,inf
id:client8_0,8.589008331298828,-16.014433334202447,inf,inf
id:client8_1,7.370927810668945,-13.180210133198727,inf,inf
id:client8_1,7.370927810668945,-13.180210133198727,inf,inf
id:client8_1,7.370927810668945,-13.180210133198727,inf,inf
id:client8_1,7.370927810668945,-13.180210133198727,inf,inf
id:client8_1,7.370927810668945,-13.180210133198727,inf,inf
id:client8_1,7.370927810668945,-13.180210133198727,inf,inf
id:client8_1,7.370927810668945,-13.180210133198727,inf,inf
id:client8_1,7.370927810668945,-13.180210133198727,inf,inf
id:client8_2,6.9081573486328125,12.668625000073122,inf,inf
id:client8_2,6.9081573486328125,12.668625000073122,inf,inf
id:client8_2,6.9081573486328125,12.668625000073122,inf,inf
id:client8_2,6.9081573486328125,12.668625000073122,inf,inf
id:client8_2,6.9081573486328125,12.668625000073124,inf,inf
id:client8_2,6.9081573486328125,12.668625000073122,inf,inf
id:client8_2,6.9081573486328125,12.668625000073122,inf,inf
id:client8_2,6.9081573486328125,12.668625000073122,inf,inf
id:client8_3,5.928256988525391,-2.222223320183969,inf,inf
id:client8_3,5.928256988525391,-2.222223320183969,inf,inf
id:client8_3,5.928256988525391,-2.222223320183969,inf,inf
id:client8_4,5.933979034423828,-9.925961293977828,inf,inf
id:client8_4,5.933979034423828,-9.925961293977828,inf,inf
id:client8_4,5.933979034423828,-9.925961293977828,inf,inf
id:client8_5,5.886056900024414,-5.077299952543786,inf,inf
id:client8_5,5.886056900024414,-5.077299952543786,inf,inf
id:client8_5,5.886056900024414,-5.077299952543786,inf,inf
id:client8_6,5.839565277099609,-9.566770992560501,inf,inf
id:client8_6,5.839565277099609,-9.566770992560501,inf,inf
id:client8_6,5.839565277099609,-9.566770992560501,inf,inf
id:client8_7,6.465414047241211,-15.176369767053833,inf,inf
id:client8_7,6.465414047241211,-15.176369767053833,inf,inf
id:client8_7,6.465414047241211,-15.176369767053833,inf,inf
id:client8_7,6.465414047241211,-15.176369767053833,inf,inf
id:client8_7,6.465414047241211,-15.176369767053831,inf,inf
id:client8_7,6.465414047241211,-15.176369767053833,inf,inf
id:client8_7,6.465414047241211,-15.176369767053833,inf,inf
id:client8_7,6.465414047241211,-15.176369767053833,inf,inf
id:client8_8,6.085613250732422,1.9259221959316104,4516.273582832783,4516.273582832783
id:client8_8,6.085613250732422,5.478620174278635e-07,4516.273582832783,4516.273582832783
id:client8_8,6.085613250732422,-23.919072571440005,4516.273582832783,4516.273582832783
id:client8_9,6.569126129150391,4.203085104019549,4516.273582832783,4516.273582832783
id:client8_9,6.569126129150391,2.206925484540255,4516.273582832783,4516.273582832783
id:client8_9,6.569126129150391,-21.641909666821253,4516.273582832783,4516.273582832783
id:client8_10,5.950429916381836,1.228127159431297,4516.273582832783,4516.273582832783
id:client8_10,5.950429916381836,1.8540646074955818e-08,4516.273582832783,4516.273582832783
id:client8_10,5.950429916381836,-24.616867643792272,4516.273582832783,4516.273582832783
id:client8_11,5.7294158935546875,7.058161467275537,4516.273582832783,4516.273582832783
id:client8_11,5.7294158935546875,5.062001833472984,4516.273582832783,4516.273582832783
id:client8_11,5.7294158935546875,-18.78683329989458,4516.273582832783,4516.273582832783
